# First 161 terms of A132581 - computed by Peter Koehler (05.07.2017)
0 1
1 2
2 3
3 5
4 6
5 11
6 14
7 19
8 20
9 39
10 53
11 78
12 84
13 134
14 148
15 167
16 168
17 335
18 483
19 765
20 849
21 1466
22 1681
23 1988
24 2008
25 3700
26 4414
27 5489
28 5573
29 7265
30 7413
31 7580
32 7581
33 15161
34 22574
35 37252
36 42825
37 77388
38 92864
39 116454
40 118462
41 227503
42 286776
43 382574
44 392247
45 555662
46 574114
47 595481
48 595649
49 1176304
50 1563955
51 2232130
52 2314534
53 3541379
54 3710775
55 3912169
56 3914177
57 6367867
58 6755518
59 7227132
60 7232705
61 7813360
62 7820773
63 7828353
64 7828354
65 15656707
66 23477480
67 39111613
68 46344318
69 84825038
70 106040393
71 140379133
72 144293310
73 280647385
74 372009434
75 529485934
76 550589743
77 840874555
78 884509066
79 936994455
80 937590104
81 1866763786
82 2612894837
83 3980099033
84 4200753533
85 6909879366
86 7401315524
87 8010841739
88 8019492260
89 14011472119
90 15265307010
91 16866541984
92 16893485613
93 18971581633
94 19009503981
95 19048561441
96 19048569022
97 38081488917
98 55317412710
99 88340575659
100 95000049832
101 164616979364
102 180535994846
103 201192761069
104 201589169126
105 370349514548
106 415479721161
107 476228298238
108 477614529319
109 561121193065
110 563195559435
111 565350047195
112 565350642844
113 1076305813955
114 1243047970527
115 1478910450263
116 1485569924436
117 1827764750125
118 1838302321392
119 1849327483977
120 1849331398154
121 2360286569265
122 2377522493058
123 2395626239271
124 2395633471976
125 2414666391871
126 2414674212644
127 2414682040997
128 2414682040998
129 4829364081995
130 7244038294639
131 12073378899154
132 14469012371130
133 26523304185298
134 33692086389603
135 45598677656231
136 47448009054385
137 92481199602816
138 125212050618508
139 183322164404532
140 194010762604008
141 306790738139782
142 330477252598028
143 360690649185982
144 361255999828826
145 720096387854904
146 1031737462826481
147 1620457340098698
148 1752280502579682
149 2988724932849066
150 3305726594853050
151 3726518066961916
152 3736260740451679
153 6779357802281693
154 7700396680569478
155 8972976807177828
156 9007800679818571
157 10806485305877252
158 10859823582036583
159 10915505883697657
160 10915524932266679
# Map usage: 503034247 entries